-0.000906067 0.0444062 -0.0901286 -0.0487389 -0.0362357 0.0120582 -0.0854831 -0.0672018
-0.000375778 0.0253341 0.175555 -0.00439599 -0.0175958 -0.133595 -0.0126773 -0.0208944
0.0169349 -0.0362578 -0.0194869 0.00947434 -0.0269968 -0.01457 -3.4361e-05 -0.0631982
-0.0446188 -0.0770392 0.0634754 -0.0267699 -0.0510057 -0.112161 -0.0683433 0.0683977
0.0655975 -0.0596344 -0.00486755 0.0155313 -0.0808054 0.0274726 -0.0347114 -0.0714205
0.0178409 -0.0474935 0.0199793 -0.248704 -0.0523528 0.11462 -0.0803729 -0.104519
0.0921679 0.0232072 0.0750695 0.0826921 -0.00109347 -0.0319737 -0.112681 -0.203808
0.0169349 -0.0362578 -0.0194869 0.00947434 -0.0269968 -0.01457 -3.4361e-05 -0.0631982
-0.0235902 -0.172526 0.129184 -0.0199796 0.060207 -0.064583 -0.00507965 -0.103571
-0.0110472 0.0240266 0.101489 -0.0761564 -0.0103472 -0.079402 0.0198986 -0.0357165
0.249247 -0.116544 0.233128 0.0835218 -0.116807 0.0607909 -0.0221222 -0.0787886
-0.110016 -0.0254204 0.038856 -0.0510334 -0.00643964 -0.0279143 0.00873765 0.0638999
0.00930771 -0.0336572 -0.0175313 0.0582565 0.0108272 0.135818 0.00375837 -0.0111156
-0.0446377 0.00769267 0.0210577 -0.0111527 0.0954777 -0.0812687 0.0204362 -0.054451
-0.105769 -0.0283631 0.0352718 -0.0584426 0.00210367 -0.0221551 0.0121775 0.0724664
0.047828 0.0780297 -0.0168295 0.134224 -0.025705 0.10931 0.0960491 -0.016263
-0.0141263 -0.0394245 0.00962502 0.0777857 0.109492 -0.0878294 -0.17107 0.0247955
0.0216077 -0.0354771 -0.0222618 0.00684745 -0.0258064 -0.0127349 -0.00131888 -0.0651159
-0.0952497 0.0625341 0.139468 0.0101955 -0.225439 -0.109335 0.0234296 -0.13285
0.0422761 -0.0377353 -0.0718369 0.052451 -0.0607209 0.00491107 0.0322059 -0.00107564
0.0679456 -0.0764947 -0.051662 0.0158912 0.00205874 -0.00130148 0.0411304 0.0438681
-0.0845062 0.0117647 -0.0318097 0.00594692 0.0396284 -0.0193568 -0.0128136 -0.115776
0.0719425 0.0962365 0.0628818 0.145256 -0.0309157 -0.0925045 -0.147767 -0.075332
-0.00946847 -0.108716 -0.00154973 0.0381167 -0.0212029 0.00671284 0.109214 -0.0315472
0.00353719 -0.00011058 -0.0192387 0.0431138 -0.106785 -0.108405 -0.0825373 0.0127778
-0.0231352 0.0494289 0.00628405 0.0306268 -0.00209515 -0.039325 0.113452 -0.0231162
-0.0670461 0.206993 0.131346 -0.0384408 0.0563539 -0.0526865 0.00635096 -0.121687
0.169446 -0.0559045 -0.0487984 0.204458 0.0406308 -0.00406581 -0.155594 -0.0552409
-0.1235 -0.251411 0.010767 0.172403 -0.236087 0.159687 -0.235016 0.0399047
-0.133953 0.0561218 -0.0325395 -0.123512 0.00595743 -0.175679 -0.0514666 0.0909546
-0.0031535 -0.00439786 0.0496822 0.0815825 0.0622807 0.153069 0.0608998 0.0531141
-0.0355615 0.0555086 -0.0636029 0.0929878 -0.0422109 0.271568 -0.0354273 0.0139468
0.000647189 -0.163395 0.0445825 -0.0899788 -0.0541532 -0.00488146 0.0688151 0.033435
0.0645975 -0.0698492 0.0982162 0.0582567 -0.109343 0.123392 -0.022687 -0.0737838
0.108545 -0.0241567 -0.0937219 -0.0781875 0.0662309 -0.085797 -0.0787505 -0.0153596
-0.0534461 -0.00443125 -0.030354 0.0681042 0.0444559 0.0459696 0.0418603 0.183471
-0.0384397 -0.0465125 -0.0856478 0.0155462 0.0222514 -0.0646421 -0.066797 -0.0382974
0.0142697 0.00275684 0.156746 -0.0779499 0.0537205 0.0575486 0.0655124 0.00552095
0.058507 -0.0315307 -0.164199 0.0678717 0.00840501 -0.102137 -0.0220559 -0.0685997
-0.212442 0.104472 -0.018901 0.0355759 -0.122448 -0.0845812 -0.035716 -0.165956
-0.00725328 0.0685607 0.116584 -0.171155 -0.0425076 -0.0320401 0.000552907 0.127958
0.0523711 0.0981065 -0.0720649 0.0057934 0.133432 0.10732 0.128464 0.0606403
0.105442 0.0608179 -0.109255 0.0262556 0.057401 -0.0044451 0.091649 -0.125833
0.0193237 0.00675839 0.0316683 0.0447431 -0.0492439 0.0373111 0.0256054 -0.101135
0.10245 -0.00652315 -0.101228 0.0551901 0.0983549 0.0439669 -0.125339 0.148933
-0.167107 -0.100658 -0.0471103 -0.0595986 0.00336797 -0.0260301 -0.0455244 -0.0209591
0.0139311 0.0598283 0.0814064 -0.180849 0.0713345 -0.0305772 0.0659057 -0.151409
-0.0304986 0.03974 -0.0256683 -0.00044983 -0.141043 -0.0124661 -0.0728949 0.0500308
-0.10368 0.128551 -0.0654455 0.0714181 -0.104307 -0.0228575 -0.085935 0.0798679
0.0747946 -0.00738254 0.0592806 -0.0104242 0.0298262 -0.0749396 0.111282 0.0450832
0.0332283 -0.0420454 0.0385331 0.00585853 0.0525382 0.0749502 -0.0571682 0.011052
0.0651093 0.0968875 -0.0758918 0.141081 0.059063 0.00200363 0.0749905 0.0887753
0.00905542 -0.071549 0.00377328 0.0256014 -0.0617072 0.0587206 0.0169465 -0.0451474
-0.148551 -0.00505786 0.0645312 -0.00325426 -0.00907584 0.0645743 0.041662 -0.000614503
-0.0410811 0.00818178 -0.0348692 -0.0117535 -0.0158244 -0.0876254 0.0263178 -0.0209257
0.0558461 -0.0434869 -0.00527766 -0.00521625 -0.0424031 0.00844433 -0.0627968 -0.0722406
0.0284978 0.0506481 0.0214781 -0.0596336 -0.0114657 -0.0582817 -0.0174651 0.0353428
0.0566713 -0.00821027 -0.04057 -0.0388712 -0.022165 0.0201407 0.082492 -0.0565525
-0.0485922 0.0397885 0.011777 0.06055 0.0612736 0.0989936 0.0223601 0.0350858
-0.0528729 -0.00977943 0.127152 0.0680216 -0.0813767 -0.0752761 0.00637132 0.0758992
0.046017 -0.0618938 -0.0160599 -0.149392 0.178827 -0.216813 -0.0858125 0.010083
-0.0888624 -0.0721082 -0.0378116 0.159928 -0.0791437 -0.0112764 0.0774736 0.0745292
0.121166 0.0334302 0.0148191 -0.0294274 -0.0827134 0.00899544 0.014694 -0.00397715
0.0507289 -0.151666 -0.0937675 0.0677892 -0.00581228 -0.0253607 0.0264471 0.0517598
-0.0916678 -0.0756751 -0.0627828 -0.0885347 0.00751802 -0.0198273 0.129041 -0.00597402
-0.0354168 -0.0277082 -0.00836585 0.0898447 -0.0620726 -0.00145395 -0.0573234 -0.100341
0.0148123 0.0145647 -0.000701283 -0.0776927 -0.0555532 0.0124259 0.0630196 -0.0286911
0.0881292 0.034375 -0.0961451 -0.102201 0.047814 0.0331986 -0.0863851 -0.015342
0.022525 0.039561 0.0104201 -0.0333032 -0.00946661 -0.206329 0.0625925 0.0312122
0.0161666 -0.0175207 0.0736626 -0.0391108 0.155053 0.136795 -0.0781006 0.060568
0.0340482 -0.0506909 0.0764715 0.146646 -0.123737 0.0908551 -0.00470498 0.0466886
0.0316207 -0.0137202 -0.024055 0.124899 0.0256663 -0.115298 -0.0471877 0.0697761
-0.0606484 0.0687333 -0.0434675 -0.120523 -0.036665 -0.0583589 0.0372589 -0.0286553
0.00108601 0.174505 0.0505665 0.0284759 0.089483 0.0190458 0.0471905 -0.0616691
-0.0985715 -0.0292556 -0.041617 -0.0347128 -0.00977735 -0.0196795 0.0249488 -0.0671297
-0.0407901 -0.0644569 0.0160061 0.121497 -0.0773367 0.0296887 -0.0701413 0.059528
-0.131953 -0.043261 0.090687 0.00605259 0.00952907 -0.0641564 -0.0019456 0.0278693
-0.0897748 -0.0282197 0.0936176 -0.0593678 -0.0523991 0.0930137 -0.106012 0.0280446
0.218901 0.044837 -0.0805356 0.159172 0.0282688 -0.0113047 -0.0809525 -0.15331
-0.0486493 -0.0335296 -0.00292717 -0.0419848 -0.0306278 0.0712453 0.0457112 0.122293
0.0871881 -0.0607782 0.0946391 -0.0549896 -0.0466244 -0.0646243 -0.0669665 -0.0477251
-0.0139945 -0.0137805 0.0973429 0.0491809 0.158173 0.0274739 0.114967 -0.00581039
0.0837878 0.0679613 -0.0577344 0.0440636 -0.124197 -0.136119 -0.00358403 -0.0523778
0.00310889 0.0424064 0.0645287 -0.0120821 0.0346818 -0.0912015 0.0289648 -0.0604373
-0.0495021 0.0580756 -0.0956529 -0.104876 0.0714972 0.108481 -0.102293 0.159893
0.0199768 0.0122712 -0.0577936 0.0512675 0.0429477 0.113476 0.246104 -0.11572
-0.0819008 0.0923276 -0.128126 0.0488844 0.0683735 -0.0585269 0.0398723 -0.0611235
0.0292856 0.00766522 0.0228565 -0.0403961 0.0149179 -0.0283181 0.0311001 0.0563496
0.0578733 -0.142412 0.0666384 0.000805424 -0.0371912 0.0321599 -0.100563 -0.0131135
-0.07646 -0.187149 0.0905273 -0.0478786 -0.0287596 -0.0346397 -0.0530349 0.00443971
-0.00452376 0.100746 -0.00873411 0.0240988 0.106833 -0.109358 -0.0118896 -0.0267782
0.0518716 0.112946 -0.000231898 0.0030638 -0.034443 -0.0404104 0.128342 0.0952386
0.067982 -0.030025 -0.0249054 -0.00502959 -0.0494687 0.112494 0.0186162 -7.8264e-06
0.0738458 0.068176 0.0326048 -0.0126851 0.0137871 -0.00451308 -0.0406021 -0.0455654
-0.196222 0.0447387 -0.0733979 -0.0389181 0.0894559 0.138206 0.0355891 0.127593
0.0572511 -0.0734868 0.0260676 -0.00354268 0.0184305 -0.00452441 -0.0628142 0.00748792
0.0846862 -0.103215 -0.0276294 0.124719 -0.140097 -0.106312 -0.12942 -0.138431
0.0245869 -0.0375713 0.0130556 0.0203649 -0.0281956 0.0605058 0.0588848 -0.118927
-0.0533417 0.0165454 -0.0300974 -0.00706135 -0.105965 -0.0762388 -0.0862646 0.0785823
0.026148 -0.186077 -0.113519 -0.0688362 -0.0795783 0.0536986 0.0158767 -0.0100042
0.0744924 0.0179496 0.0767799 -0.0292379 -0.0979792 0.0265469 -0.0202745 0.0215047
0.16884 -0.00798429 -0.0266164 -0.0637026 0.0990764 -0.00793788 -0.0071848 -0.0236224
0.0642412 -0.00618654 -0.0220761 0.126107 -0.0972395 -0.12082 -0.108751 0.0121573
-0.0957221 0.168436 -0.0305281 -0.0282844 0.0672907 0.0715555 0.189912 -0.051583
-0.0192856 -0.106777 -0.0383531 0.032671 -0.113801 -0.134655 -0.0112784 -0.0908797
0.163695 0.037889 0.0983499 0.0760661 0.0792389 0.0181172 0.00480884 0.12535
-0.149702 -0.0382199 0.0691997 -0.201606 -0.0843547 -0.0525844 0.0341008 0.0144735
0.0590193 0.0372054 -0.0167691 -0.0133545 -0.0805523 -0.00355484 0.0487783 -0.000754234
0.0366948 -0.0732862 0.0565898 0.0586535 -0.0792518 -0.109714 0.00448026 -0.0699362
-0.162729 -0.0563094 -0.0970344 0.0468436 0.0173062 0.0272867 0.0525451 0.0825163
-0.109216 -0.126266 -0.0343853 0.0751168 0.201278 0.063919 -0.0511183 -0.03956
0.0687634 0.158202 0.0521687 -0.0756741 -0.0467462 0.0785814 0.056038 -0.117481
-0.124413 0.00229834 -0.0883082 0.0619614 0.101498 0.160414 0.0129988 -0.0453079
0.0223865 -0.0134569 0.0291066 -0.0092994 0.0854998 -0.000654772 -0.106023 -0.0150498
0.0264631 0.029772 0.117965 -0.016119 0.00125812 -0.102784 0.00651917 -0.0653412
-0.0506285 -0.0342988 0.125326 0.0884157 -0.058497 -0.0179196 -0.0924952 0.138465
-0.0104387 -0.00442321 -0.169176 -0.109713 0.0211055 -0.010732 -0.0561501 0.141397
0.0194613 0.00630664 0.0671911 0.0259469 0.0161499 -0.0818212 -0.0484456 0.0141799
0.00185281 -0.0361158 -0.0336192 0.00807736 0.0410343 0.0262347 -0.0382792 -0.0171925
0.0678894 -0.0191664 0.0654663 -0.03796 -0.0519921 -0.0766789 0.102625 -0.034012
-0.00824951 0.0890774 -0.0546863 0.0156114 -0.0285661 -0.0128696 0.0530894 -0.0768334
-0.116211 -0.0693762 0.00364256 0.0409228 0.0338183 0.0272507 -0.05323 0.0543119
-0.0315556 0.0740981 -0.156225 0.0264195 0.0895605 0.00869493 -0.0812804 0.0199742
-0.0315339 0.0927921 0.071873 -0.105151 -0.0851041 -0.013212 0.0992804 -0.0225507
-0.00841908 0.00780885 0.0202713 -0.0711922 0.109872 0.0310248 -0.0233629 -0.105166
0.0849997 -0.059208 0.069219 0.0135216 -0.0354982 -0.0695552 0.0324087 0.147547
-0.0011238 0.078689 -0.0468343 -0.0252731 -0.022736 -0.0150112 0.0647267 -0.110276
-0.0188092 0.0318487 -0.00674939 0.0383823 -0.0935112 0.0268304 0.0637955 -0.136634
-0.0506784 0.0200985 -0.0733768 0.0917233 -0.0646064 0.0579628 -0.114041 0.146922
-0.0340262 0.0991004 0.0900861 -0.115126 -0.0869109 0.022274 0.106714 -0.0219742
0.077996 -0.0778515 -0.031814 -0.0458638 -0.020654 -0.0887811 0.0517928 -0.0780503
-0.106287 0.114816 0.156972 0.0267145 -0.0839008 0.0470243 0.00887949 0.0777907
-0.0407056 0.0460328 -0.0187539 0.0609652 0.0349551 0.0547705 -0.00853951 -0.0792015
-0.1024 0.169451 0.121415 -0.157154 0.0112619 0.0152021 0.00894269 0.0311306
0.10371 -0.094316 0.0327297 -0.109208 0.069409 -0.0461546 -0.0742122 0.086549
-0.129995 0.152858 -0.066524 2.17052e-05 -0.0516244 0.01537 0.058813 0.0850115
0.0140975 -0.191996 0.0502541 0.441119 -0.145798 0.153375 -0.40258 0.118212
-0.0967025 -0.0194877 -0.024097 -0.031642 -0.276165 0.257632 0.358967 -0.134145
0.232873 0.35159 0.0175956 -0.165651 0.349079 -0.152825 0.166507 -0.0542761
0.0487581 -0.00908134 -0.00647965 -0.0379123 0.0134476 -0.0114975 0.0733009 -0.0124517
0.0677286 0.013218 0.0925989 -0.10368 0.168766 0.0381712 0.100883 -0.0388385
-0.116341 -0.26468 0.0953057 0.346968 0.0769863 0.029037 -0.156195 0.0213688
0.0705392 0.0800911 -0.00877463 0.0165779 -0.137674 0.0708701 0.0221548 0.176114
0.00246332 -0.0371502 -0.121647 -0.214871 -0.161319 -0.276104 -0.202322 0.00246608
-0.0240791 -0.0960831 -0.217553 0.0542968 0.0917322 -0.177835 -0.0275247 -0.119167
0.0564426 0.0915433 -0.0414032 0.264986 -0.0249815 -0.147507 -0.173066 0.036163
0.115784 -0.103037 -0.0721056 0.127412 0.111363 0.0620673 -0.06634 0.0622905
-0.139164 0.0292615 -0.0637466 0.0911522 -0.152157 -0.171832 -0.0420501 0.0586389
0.0660191 0.00326658 0.00890455 -0.0148023 0.0245329 0.0151947 0.0343382 -0.0857915
-0.0949208 -0.0153915 0.0854618 0.0644413 0.0153713 3.45307e-05 0.0299164 -0.0245638
-0.0397778 0.0315283 0.00621135 -0.0825937 0.0135374 0.00203512 0.0423488 -0.145635
0.0536853 -0.0572533 -0.142014 0.0186371 -0.121596 -0.0457675 -0.105403 0.142889
0.0468464 -0.0565727 -0.0374326 0.0416987 -0.0676128 0.00714889 -0.00315671 0.0513524
0.00843993 0.18933 0.0336868 -0.0796421 0.0146973 0.0125834 -0.0605277 -0.0748947
-0.0841815 -0.0354929 0.0282127 -0.00129122 0.051747 0.0238151 0.0783415 -0.0330856
0.087194 -0.137611 -0.119815 -0.0380874 0.00415308 -0.0519263 0.00796658 0.00805105
-0.0215609 -0.0365551 -0.000203779 0.0264798 -0.0657663 0.0370756 0.065448 -0.0976827
-0.145229 0.0670513 0.0642929 0.121832 0.0287536 -0.044387 -0.0372852 0.0936423
-0.0200601 0.07658 -0.213609 -0.185906 0.101693 0.117722 -0.227827 -0.17453
0.0788217 -0.0107082 -0.0152937 -0.0712791 -0.031377 -0.0360527 -0.0880145 -0.00722174
-0.0771562 0.121919 -0.195441 -0.0697993 -0.093096 -0.0471975 -0.0305151 0.00982715
-0.115942 -0.0621759 -0.13111 0.0406267 0.0959739 -0.0244476 0.00175778 0.00581121
0.0763876 0.0903688 0.0733173 0.129156 -0.0998679 -0.0323867 -0.157335 0.102708
-0.124481 -0.0960669 -0.0451243 0.0221118 0.125856 0.0954356 0.11394 -0.0969037
0.00324509 0.210032 -0.0113976 0.0208665 0.125146 0.107942 -0.144248 0.069858
-0.112754 0.0734305 -0.00742449 -0.173948 -0.259275 -0.145451 -0.0431479 0.0464992
-0.0691225 0.0955506 -0.137676 0.186251 -0.058108 0.119769 0.0326777 -0.104388
0.0411174 -0.0030668 -0.0261337 -0.0707554 0.0869898 0.162534 0.0501392 -0.0475161
-0.0717725 0.0745375 -0.0176059 0.0615989 0.123433 -0.0066565 0.173325 0.0509094
0.139303 -0.140356 -0.111789 0.015257 -0.00684427 -0.0781646 -0.171566 0.009588
0.0382622 -0.110245 -0.139713 0.105945 -0.0476135 -0.0154725 -0.0489856 -0.103143
-0.0493953 -0.0497094 0.0740409 0.0107098 -0.148838 0.12087 0.0952639 -0.124498
-0.253985 -0.0942745 0.00632681 -0.0689712 -0.135737 0.0124636 -0.0159707 -0.157631
0.00772382 0.217051 0.189221 -0.0890999 0.139565 0.0752206 0.116038 0.0702626
0.0991151 -0.101349 0.0927564 -0.0399709 -0.0831742 0.134802 -0.148727 -0.113188
0.0543006 0.075979 0.110801 0.131643 -0.178624 0.133531 -0.115318 0.0708297
-0.0724051 0.0935257 -0.0066711 0.0399464 -0.137184 0.0612118 0.107943 0.212498
-0.140575 -0.0442291 -0.0802438 -0.0126371 -0.134418 0.0270569 0.115121 0.00257947
0.112851 -0.0903502 -0.0132506 0.031844 0.0126631 -0.077156 0.0438319 -0.152552
-0.0834644 0.154527 -0.00791598 -0.0757187 0.00521347 -0.056427 -0.0659203 0.115826
0.14445 0.12771 -0.0113172 -0.0958328 -0.0787143 0.0605682 0.154937 -0.0995161
0.0968033 -0.155147 -0.00704882 0.00402745 -0.0196181 0.0580446 0.0819167 0.0785278
-0.0174188 0.0654523 -0.0622836 -0.197091 0.130254 0.0987455 0.0256353 0.0944278
0.0257922 -0.0178157 -0.117452 0.1394 0.0232581 0.084702 0.113207 0.114242
0.0408967 0.0769407 -0.178254 0.0560839 0.0457508 0.0556311 0.084963 0.175252
0.0194095 0.085287 0.0667025 0.0646668 -0.0317946 -0.154444 -0.0732493 -0.0958054
-0.179857 0.091573 -0.0988832 -0.00145919 -0.077186 0.0594165 0.0124172 0.0149621
-0.0351772 -0.0654599 0.0492971 0.0557951 0.0527857 0.0239876 -0.0287969 -0.00230706
0.00129606 -0.00310205 -0.0282693 -0.0106162 0.0179034 0.0154252 -0.0409467 0.0581648
0.0197732 -0.0602792 0.0469999 0.0585778 -0.175184 -0.00985514 -0.100383 0.0438396
-0.0797158 0.161219 -0.0773589 0.0851142 0.0388192 0.0752399 -0.0525647 0.0494722
0.131425 -0.128101 0.0258276 0.14476 0.0248843 -0.017347 -0.0265836 -0.0123296
-0.119906 -0.115683 0.0141159 -0.0351794 -0.0568635 -0.0325416 0.0366839 -0.0156669
-0.0135523 0.007384 -0.0130098 0.117864 0.0415715 -0.0371327 -0.0659618 -0.00849459
0.0624336 -0.0716851 0.0573697 0.0203125 -0.0488808 -0.105907 0.00208245 -0.0862755
0.0302631 -0.0908938 0.0310826 -0.0777449 -0.00219587 0.0429061 -0.0551422 0.0639594
-0.0407217 0.126398 -0.0738529 -0.0689152 0.0693128 -0.10547 0.0299339 -0.0523787
0.0700257 -5.92349e-05 0.0333789 0.142104 0.00289705 -0.073196 -0.0297578 0.0994959
-0.0118375 0.130986 -0.0754216 -0.0738548 -0.137105 0.0270857 0.154733 -0.090619
-0.0291523 0.138396 0.112032 0.00155525 0.040093 -0.115397 0.0412519 0.00211325
-0.0661982 -0.0324548 -0.0259021 -0.0393367 -0.0130717 0.00666942 -0.0237544 0.198487
-0.0725799 -0.0689446 -0.0707424 -0.140345 0.0398915 0.0219712 0.00335632 -0.0391865
-0.00302838 0.0154153 0.118784 -0.073543 0.00208518 0.0921227 0.0404765 -0.0302814
0.00388447 0.0145273 -0.12256 -0.123509 -0.0785047 0.0567077 0.0516227 -0.0441452
-0.0487829 0.0805237 -0.0450568 0.0755248 0.0433582 0.00104963 0.166857 -0.0699162
0.100986 -0.0103279 0.0884399 0.0687991 0.0627167 0.0139948 0.0308461 -0.04773
0.0378566 -0.055696 -0.0632294 -0.131935 0.0224745 0.0224011 -0.0774083 -0.0777391
-0.0285736 -0.0173599 0.038628 -0.0190843 0.0312484 -0.0992033 0.0556942 -0.0295207
-0.0370319 0.0221979 -0.0129318 -0.0373648 -0.0589756 0.0773665 -0.0578092 0.0100224
-0.0689619 0.0103366 -0.179632 -0.0294989 -0.0453022 0.124306 -0.0382801 -0.0306049
0.165452 0.0474156 0.0317249 0.120868 -0.0844506 -0.10013 0.0160013 -0.0357775
-0.0610655 -0.00939845 0.0988221 -0.0972347 0.0889624 0.0608992 0.063088 -0.0607481
-0.0595402 -0.0637945 -0.0251227 0.00823816 0.026836 -0.0173018 -0.0799555 0.0418114
-0.0782317 0.00809216 0.0453543 0.0593539 0.0456519 -0.0942548 0.0727677 -0.0740849
0.0885438 -0.000751988 0.0268898 0.0182384 -0.038835 0.098112 0.00632491 0.0246738
0.0887527 0.140357 -0.00162154 -0.092176 0.0643667 -0.0262783 0.015521 -0.0885034
-0.0273559 -0.0700207 0.0997013 -0.0569716 -0.108747 -0.0104525 -0.0197223 -0.0112293
-0.00893313 -0.0680282 -0.0730364 0.0798502 -0.0268859 -0.0102637 0.0277233 -0.0537279
0.0455116 0.065704 0.1976 -0.00598179 0.0252318 -0.1171 0.00560987 0.0688944
0.0303274 -0.0813185 -0.00274461 -0.0138806 0.0783404 -0.045311 0.0443368 -0.0027459
-0.0226496 0.131628 0.0659318 -0.042693 -0.183459 -0.0137225 -0.0390333 -0.0827274
-0.174106 0.00538366 -0.0111615 -0.0818392 0.0332938 -0.0983434 -0.0788684 -0.027478
-0.0308714 0.0163012 0.0171724 -0.0296696 0.0018029 -0.0222089 0.091149 0.0317983
-9.54447e-05 0.0428173 -0.19901 0.0526749 -0.0103326 -0.0582027 -0.00335064 -0.0291718
0.0348749 -0.0231798 0.0605616 -0.0805502 -0.022635 0.0270808 0.0462731 -0.10396
0.0392439 0.00932434 -0.0386611 -0.113333 -0.0608665 -0.114249 0.169353 0.0637217
0.0168424 -0.0198961 -0.254497 0.0834272 0.0264277 0.0524825 0.0102074 0.0686152
0.0592117 -0.110088 0.00734982 0.0684237 -0.0783065 0.0633789 -0.07442 0.111919
0.000722089 -0.0714971 0.107449 0.0453826 0.0763842 0.111199 -0.0168651 -0.0550308
0.0049558 -0.0142582 -0.0136564 -0.0235107 0.0517241 0.0988933 -0.0615099 -0.00762981
-0.0356884 -0.0376513 0.0554272 0.0734979 0.0778565 0.120589 -0.0836092 0.0721574
-0.0263108 0.00307672 -0.0672828 -0.0252638 0.0674959 0.0134853 -0.131857 -0.0267909
0.00757713 0.0640848 -0.0208532 0.0193134 -0.068673 -0.0176401 0.0686299 -0.0168599
0.0121598 -0.0300746 0.0297167 -0.028192 0.0419023 0.000386989 0.05522 -0.0023774
0.00328651 -0.0303304 0.151197 0.0720406 0.0156475 -0.0842987 -0.108144 -0.0154106
-0.155886 0.0136076 -0.0469155 -0.0717462 0.0233145 -0.0408734 0.0323582 0.0532012
-0.134514 -0.0482543 -0.0402772 0.104721 -0.0159256 -0.0801685 0.0358544 0.0751717
0.0940567 0.130734 -0.0427684 -0.0274186 0.0723319 -0.00309031 0.0683174 -0.000366784
-0.0177148 -0.0111332 -0.0076988 0.0725455 0.0201774 0.0328668 -0.0366734 0.0301413
0.0321475 -0.00933439 -0.0514956 -0.0912405 0.0286396 -0.0405658 0.00676579 -0.0243964
0.0491094 -0.0931942 -0.0817119 -0.0579554 0.0348033 0.0576718 0.0295269 -0.0711885
0.109372 -0.0490477 0.0945436 -0.0468856 -0.0881898 0.0351929 -0.079522 -0.0106906
0.117782 -0.0145999 0.0632374 -0.0283781 -0.0117433 -0.0269728 -0.0397807 0.0104745
0.0404718 0.064317 0.122507 0.0566671 0.0629066 -0.00125994 0.0385014 0.0944049
-0.0726658 -0.0582503 0.151046 0.0773995 -0.0245745 -0.16984 0.0936994 -0.0201679
0.0989455 0.0649828 -0.2063 0.102863 -0.0360859 0.217302 0.0242373 0.00538743
-0.0405116 -0.0445238 0.0340111 -0.0375082 -0.0275372 -0.0149662 0.0615563 -0.0132014
0.0371095 0.0269138 -0.0239505 0.013245 0.0799231 0.00626334 0.00956753 0.046207
-0.148307 0.0847743 0.0106589 -0.0140851 0.037673 0.0524456 0.0628175 -0.135301
0.0952692 -0.029237 -0.0618193 -0.0226735 0.00889552 -0.0576885 0.0228061 -0.00101991
-0.0212306 0.00929075 -0.104769 0.0183168 -0.0434116 0.0865636 -0.087419 -0.164648
0.00354622 -0.0457498 -0.0898591 -0.067282 -0.180552 0.0846059 -0.148223 0.0715703
-0.0263191 -0.0593544 -0.00480861 0.016646 -0.0482717 -0.102239 -0.00331322 -0.04277
-0.0586133 -0.0718612 0.174884 -0.0218086 0.147137 0.00385432 0.00588001 -0.122847
-0.194649 0.0241807 -0.144954 0.0249665 -0.0612594 0.0391946 -0.0779221 0.151867
-0.136066 0.112285 -0.334758 -0.0321881 -0.122258 0.00498543 -0.145377 0.166335
-0.0270351 -0.0753227 0.0646069 0.125998 -0.066899 -0.0806927 0.0556824 -0.142803
0.188953 0.0953247 -0.058112 -0.0210826 -0.0906236 -0.0652653 0.0900391 -0.0138854
-0.0664037 0.128276 -0.143311 -0.0873598 -0.0933238 -0.0285011 0.0438287 -0.164425
0.0226139 0.029182 0.0703821 -0.039091 0.0998477 0.243262 -0.155289 0.0662879
-0.00316439 0.0351478 -0.0218853 0.0418704 -0.0684176 0.0662038 0.0402406 0.0584104
0.27068 0.0774804 -0.09051 0.0697329 0.0456189 0.0799494 -0.0072972 0.00305931
0.0609674 0.0337191 0.0271071 0.0263828 -0.0230825 -0.0489824 0.0407267 -0.00219182
0.0595672 0.00432834 -0.0322991 0.0207448 -0.0983399 0.0612208 -0.0845916 0.00417329
0.0994259 0.0270492 0.0211562 -0.00659597 -0.00353883 0.0782282 0.0824763 0.0527975
0.0706213 -0.0601266 -0.0988207 -0.0563394 0.00056938 -0.197307 0.0699664 0.0179773
-0.0492847 -0.0205669 -0.0164862 0.0587025 -0.00727551 -0.103602 -0.126868 0.0186053
-0.0828366 -0.0786414 0.0342248 0.030449 0.0952043 0.0103746 0.0281297 0.130927
0.0161811 -0.0115095 0.0462897 0.0698393 0.0925597 -0.0762969 -0.0798541 0.079433
0.0464762 0.0132483 -0.0304134 -0.0983553 -0.0670187 -0.0172159 -0.0666863 0.0216189
-0.00571365 0.0828214 0.122628 0.0721899 0.0560449 0.00141247 -0.107997 0.156751
0.0148573 -0.0846492 -0.041687 -0.068579 0.0430731 -0.0417021 0.132907 -0.178131
0.0657625 -0.0360835 0.00810441 -0.105239 -0.0869665 -0.0418477 -0.0352333 0.0962089
0.000490588 -0.0380998 0.0226951 0.0571804 0.0308269 0.0535082 -0.00275775 0.00765765
-0.0287794 0.0813812 -0.0696243 0.0790489 -0.0891544 0.0397828 0.00112744 -0.0292888
0.179694 -0.0252977 -0.109712 -0.0112429 -0.0700749 0.0159657 -0.0080587 -0.0357097
-0.0929298 0.0396086 0.15454 -0.118297 0.0402375 0.0857332 0.0698455 0.00464059
-0.0144986 -0.0138062 -0.0780937 0.0226553 -0.0914833 -0.0613163 -0.0890679 0.039407
0.0388664 0.0723551 0.0617612 -0.0163309 0.121326 0.00828205 -0.0638479 -0.101336
0.028681 -0.0883445 -0.024252 -0.127893 -0.0352241 0.0867275 0.108676 0.0015737
0.0420533 -0.0808292 0.00878046 0.0543273 -0.00303284 -0.0481755 0.107028 0.0452915
0.0536322 -0.0776206 0.0692185 0.0209136 -0.0648895 0.10685 0.144709 0.00430376
0.0269669 0.0439872 -0.0175608 0.0979751 0.214953 0.0360608 -0.0654418 -0.00527445
-0.0728714 -0.064913 -0.083841 -0.0706487 -0.102552 -0.129116 -0.0409529 0.0321124
0.0163159 -0.0456216 -0.00396815 -0.0500378 -0.0717504 -0.0326516 0.00825311 -0.039447
0.0345627 0.0306475 0.01313 0.103557 0.0260349 0.0747778 0.0316888 -0.0415464
-0.118381 -0.0317712 -0.0447689 0.0530942 0.0678198 0.0635874 -0.0563113 0.0616246
0.049092 0.0225733 -0.0790589 -0.108855 0.0318066 0.0262879 -0.0414599 0.0126706
0.0819016 -0.19136 0.0357737 0.0690608 0.0360871 -0.0657859 0.00361258 -0.0527773
0.0264657 -0.0566114 -0.0304816 -0.0245633 -0.0106658 0.00107668 -0.0928767 0.0355755
0.0125644 -0.0172797 -0.00815049 0.00238082 0.0204426 -0.00369084 0.102217 -0.069663
0.0223957 -0.0185854 0.0148696 0.0509914 -0.0945908 0.0102401 0.0141514 0.0334151
0.0724331 -0.0599825 -0.0427814 0.00903194 -0.0253263 -0.018434 -0.00196397 -0.00136331
-0.0158535 -0.0262021 0.0663548 0.0266377 0.0696512 0.0188332 0.0402589 0.0204741
0.0277829 0.0738186 0.125729 -0.0422903 0.0379197 -0.123926 -0.00914845 0.146329
0.0984786 -0.141158 -0.150661 -0.0887521 -0.0511242 0.0104247 -0.00519933 0.00760587
-0.0801359 -0.0756643 -0.0465524 0.0831952 -0.061607 0.0399875 -0.00745953 0.0861167
0.0504194 -0.0202661 -0.0221476 -0.00766415 -0.10616 0.0108163 -0.0742013 -0.042727
-0.0172917 0.0983277 -0.0288435 0.0360362 0.0643199 0.038047 0.0698507 -0.146562
0.0724331 -0.0599825 -0.0427814 0.00903194 -0.0253263 -0.018434 -0.00196397 -0.00136331
0.0724331 -0.0599825 -0.0427814 0.00903194 -0.0253263 -0.018434 -0.00196397 -0.00136331
0.00359756 -0.0469288 -0.0271168 0.068748 -0.0542826 -0.0242327 -0.0183401 0.0306991
0.00332127 0.0703156 0.0817179 0.0415567 -0.0022551 -0.0180842 -0.0379168 0.0736922
0.0291753 0.0354881 0.0599116 -0.0205898 -0.0123424 0.0727418 -0.0702408 -0.0899431
0.0450127 -0.108459 -0.0769415 -0.0920975 0.029735 -0.0194717 0.0411618 0.0724007
0.0511109 -0.139791 0.0346089 -0.0190479 -0.0231079 -0.0230941 -0.00887814 0.0698827
0.0313178 0.0657479 -0.00896536 0.182724 -0.00258281 -0.0303392 -0.0309351 -0.0496854
-0.0397173 0.019599 -0.0608847 -0.104723 0.00653043 -0.0445341 0.0476995 0.0157056
-0.0510489 -0.0390678 -0.0184435 -0.0339712 -0.0351116 -0.0686506 -0.0258698 0.0286244
0.116595 -0.000538194 -0.0444195 0.0151792 -0.0537532 -0.00570714 -0.0201185 0.0909227
-0.0278616 -0.0434154 -0.0105262 0.0193942 0.107366 -0.0286824 0.0480265 -0.0479407
-0.0134925 -0.00206976 -0.00370452 0.118044 -0.0772208 0.00353198 -0.00552917 -0.0566862
-0.0725372 0.0129663 -0.105365 0.0463406 0.0322639 -0.0475444 -0.0254047 0.0504029
0.0567114 -0.0822516 0.0391459 0.0212505 -0.0316523 0.0225006 -0.0411222 -0.0271736
0.0537758 -0.029366 0.00265593 -0.141825 0.0602424 -0.0889475 0.0444105 -0.0411159
-0.00548072 0.0932434 -0.15747 -0.11778 -0.0851412 0.0994994 0.0503623 0.0778192
0.0859786 -0.046792 -0.0849996 0.00628092 -0.0293425 0.00429522 -0.0435909 0.00289951
-0.0156047 -0.0435075 0.0886779 -0.0502112 -0.000626802 -0.111945 0.0916984 -0.0227358
-0.0293935 -0.0265677 -0.0365743 0.0444255 -0.059724 0.0569305 -0.209358 0.112516
0.00431707 -0.086093 -0.0306152 -0.0343544 0.040893 -0.000498377 -0.0907323 0.0139488
0.0199412 -0.0305916 -0.100097 -0.0103202 -0.0279871 0.0209882 -0.0106531 0.0019455
0.00579165 -0.0435832 0.106734 0.0679854 -0.0803484 -0.162236 0.0043257 -0.0348784
0.0556204 -0.0946291 0.0349534 0.00183865 -0.0266223 0.0560232 -0.00241508 -0.0322417
-0.0112736 0.0494555 -0.104961 -0.00592992 -0.0432109 -0.0253502 0.00795035 0.0429234
-0.0209033 -0.0313619 0.0164885 0.0378753 0.0402944 -0.00402409 0.0383692 0.00142914
0.100487 0.094728 -0.0878874 0.0338101 0.156465 0.140049 -0.0601521 -0.00335186
-0.0382904 0.00368996 -0.16927 -0.0493554 -0.122863 -0.00579205 0.0050276 0.0128325
0.0416493 -0.103447 0.0676196 0.0262805 0.12692 -0.00634637 0.0436689 -0.0759577
0.139143 0.0203537 0.0194275 0.0822501 -0.00229492 -0.0760447 0.000670959 -0.00828236
0.0374007 -0.0514707 0.130411 -0.0722419 -0.110644 0.0385621 0.0863601 0.0482997
-0.0384828 -0.137361 0.0488275 -0.0441938 -0.122824 -0.0356133 0.0116329 0.11735
0.0305832 0.131144 -0.0601522 0.0187663 -0.0905295 -0.0223134 0.0285649 0.0217293
0.0535342 -0.0420647 -0.0179917 0.059939 -0.0118199 -0.0394509 -0.0336264 0.0630277
-0.0443603 0.0750998 0.027754 0.0193141 0.00669912 0.0347405 -0.0687772 0.0943838
-0.0442818 0.013895 0.0597112 -0.00830057 -0.133395 0.0940521 0.0511484 -0.136103
0.0517391 -0.0655645 -0.0609931 0.00991164 0.103574 -0.10413 -0.0214733 0.010359
0.0739918 -0.0514561 0.0458394 -0.0534552 0.0699307 -0.0936448 -0.0780822 0.00122534
-0.000352482 -0.0954501 -0.00559223 0.0614132 -0.059286 -0.0122806 0.142977 0.0499652
-0.0287883 0.0781358 -0.0281196 0.152803 0.0402451 0.252373 -0.0117688 0.0310572
0.0419712 -0.0065652 -0.0638225 0.00952043 0.00217739 -0.137285 0.00187656 0.0396141
0.110502 -0.0336507 -0.0395938 -0.0186269 -0.0200696 0.0715526 -0.000727415 0.00282531
0.0061646 -0.0677288 -0.012511 0.0337609 0.0826452 0.0295293 -0.0268028 -0.0683365
-0.16929 0.0651891 0.0855635 0.0633846 0.0229872 -0.107293 0.0983667 0.00554646
-0.114551 -0.048638 0.00380882 0.0165196 -0.0247201 0.0863934 -0.0362573 0.113482
0.0553828 0.00891285 -0.0286071 -0.0528085 -0.0705711 -0.100486 0.0395532 -0.00704224
-0.0291766 -0.00922559 0.0193104 -0.035725 0.104133 0.00792108 -0.054164 0.0186756
3.43016e-05 -0.111957 0.0271237 0.148653 0.0598742 0.0312497 0.00883262 0.0476806
-0.0576748 0.0028478 -0.111471 0.0859229 -0.0670376 0.126511 -0.0635372 -0.0122949
0.0724331 -0.0599825 -0.0427814 0.00903194 -0.0253263 -0.018434 -0.00196397 -0.00136331
0.105521 0.0525078 -0.061161 0.042553 -0.0947913 0.0630241 -0.143068 0.000391616
0.151715 -0.00981515 0.0982231 0.136222 0.121805 -0.189655 -0.162884 0.0518713
0.0734452 0.0450242 0.00371692 -0.0292209 -0.0611855 0.120304 0.0236926 0.120331
-0.0283716 -0.0367296 0.020613 -0.118909 0.0182802 0.132058 -0.0417788 -0.00146962
0.181473 -0.0123647 0.0503682 -0.0140087 0.0159768 0.0191492 0.025578 0.0845342
-0.0822282 -0.143337 0.0694442 0.0565417 0.218815 -0.0503646 -0.0866189 -0.247629
0.110443 -0.127091 0.124387 -0.138059 -0.0597695 -0.0478128 -0.0390374 0.0985357
-0.0106629 -0.0372543 0.0201537 0.0764352 -0.202014 -0.00928393 0.0350362 -0.0587764
-0.0143524 0.206448 0.0132931 0.0242855 -0.0982796 0.104556 -0.186748 -0.125266
0.0528267 -0.0907576 -0.0780261 0.0628317 -0.0317932 -0.0498343 0.0239294 -0.0686566
0.00642359 0.0374062 -0.0174883 0.0546963 0.0674463 0.0072549 0.0029926 0.0076498
0.120382 -0.0456533 0.0721624 0.0616313 0.0119536 -0.0513254 -0.0378422 0.0186529
-0.176409 0.0660483 0.014109 -0.167266 -0.0502144 0.184854 -0.0447264 -0.0733757
-0.0344389 0.0100645 0.0580885 -0.018692 0.0509651 -0.0555793 0.045456 0.0297751
0.0362824 -0.127358 -0.0596869 0.0902903 0.098873 -0.0203426 0.0162521 -0.0628896
0.0702945 -0.097549 0.0888751 0.000253618 0.0145695 0.00176623 -0.146343 -0.0781636
-0.0827047 0.0395322 -0.0114192 0.0424118 -0.0486758 -0.0391991 0.100196 0.0918361
-0.190156 -0.088542 -0.0915541 0.0366122 -0.0242224 -0.0785151 0.0602664 -0.0444542
0.0911101 -0.0307455 -0.00332373 0.0346194 0.0703659 -0.0268052 -0.0640295 -0.0109662
-0.0511997 -0.123034 0.00483818 -0.0177312 -0.0277617 0.00444221 -0.0207982 -0.0426231
-0.100051 0.0426479 -0.0451079 -0.0156802 -0.175076 0.0287598 -0.0406653 -0.0242966
-0.109461 -0.0860884 -0.0152916 0.101525 -0.0226719 -0.0715127 -0.00544123 0.00267832
0.00572343 0.0601578 0.0576554 -0.0170014 -0.194637 -0.113286 -0.0226332 0.0471915
0.0362965 0.056356 0.0345977 -0.114191 0.0322165 0.0342693 0.0479076 0.0235589
-0.0255832 -0.0944626 -0.0590263 -0.00259453 -0.066979 0.0401954 -0.0668235 0.067079
-0.0263326 0.00290997 0.0212317 -0.0440312 -0.00298433 -0.120077 0.0878953 -0.0225619
0.101491 -0.0725061 0.0471359 0.0659596 0.00570239 0.117753 -0.0885247 0.0288687
0.0939681 -0.00720061 -0.00552118 -0.0637516 0.00105925 -0.0380705 -0.0101619 0.0280078
-0.0920807 0.0712887 -0.110234 -0.0833315 -0.0337385 0.139591 -0.122151 -0.0145296
-0.067775 -0.0640982 -0.071498 -0.101208 -0.0237083 -0.0913253 0.144658 0.0508815
0.0462109 0.0708009 -0.026143 -0.00226925 0.105275 0.111108 -0.0595391 -0.0344772
0.0925843 0.00919564 -0.0657957 0.0429748 -0.0238199 0.0536337 -0.049044 -0.0199329
-0.0190927 0.0379352 0.0488706 -0.0320941 0.101957 0.0164233 0.0629661 -0.0895937
0.0269233 0.111055 0.0296109 -0.0777236 0.0250713 -0.0522896 0.0432106 -0.076179
-0.109544 -0.0126802 0.196297 0.0666405 -0.0720473 0.075175 0.11893 -0.0434563
0.1093 -0.0717169 0.0109366 0.0123299 -0.0575408 -0.0248225 0.0381948 -0.125756
-0.047971 0.072283 0.0450906 -0.144673 0.147177 -0.0103203 0.0583847 -0.10445
-0.102811 0.0155463 -0.0124027 0.05889 0.000249612 -0.0549208 -0.0231318 -0.135733
-0.00324401 -0.0507395 0.0667592 0.0281787 0.000201297 0.0836408 -0.0768237 0.0289588
-0.0171811 -0.0355386 -0.0732865 -0.0381603 0.00181799 0.0295375 -0.134644 -0.0459577
0.0214204 -0.189822 -0.0754157 0.195462 -0.0711499 0.00878093 -0.11157 0.0617327
0.0850484 -0.0531139 -0.0343549 -0.0243661 -0.0424509 0.0546591 0.0743837 0.0871047
0.00267848 0.023237 -0.0771642 -0.0307696 -0.080962 0.0243621 0.0234128 -0.0150223
-0.000245966 -0.0916271 -0.0372248 -0.0334155 0.0903352 0.0276456 -0.00798963 0.0402435
0.00532079 0.0849039 -0.0690353 -0.0654851 -0.0402419 -0.092813 0.108604 -0.00560638
-0.125987 0.0482157 0.0203542 0.0709491 -0.0531336 -0.0634832 -0.011462 0.058576
-0.00407375 0.0290847 0.0774073 0.0715863 0.0570653 -0.00402605 0.00638156 -0.10701
0.0975171 0.0128454 0.0799941 -0.0102778 -0.0514734 -0.00329298 -0.0250592 0.00486153
-0.0641172 0.0567365 0.0448984 -0.200893 0.0184098 0.0435913 0.00281393 0.0206856
-0.0920637 -0.0553873 0.183202 0.0472683 -0.0739633 -0.0226044 0.12165 0.0996282
0.0255802 -0.0897724 -0.0124291 0.0247188 0.0545425 0.0117523 -0.0389172 0.110824
-0.0658198 0.0533589 -0.0829008 -0.0505773 0.0509972 -0.139519 0.0229242 -0.0957215
0.178586 0.073529 -0.0862431 -0.129189 0.0516603 -0.0511278 -0.049769 -0.0288143
-0.0795525 0.0714434 -0.0755094 0.0203187 -0.0405429 -0.0412905 -0.0149637 -0.0194613
0.0169349 -0.0362578 -0.0194869 0.00947434 -0.0269968 -0.01457 -3.4361e-05 -0.0631982
0.0169349 -0.0362578 -0.0194869 0.00947434 -0.0269968 -0.01457 -3.4361e-05 -0.0631982
0.100539 0.00242556 0.00941052 -0.0438916 -0.0209186 -0.034256 -0.144168 0.0421752
0.136632 0.0734947 -0.036497 -0.0149636 -0.0982877 0.0643158 0.0674088 0.0558476
-0.0571412 -0.121319 -0.0653635 0.00691526 0.0418458 0.0137857 -0.0114815 -0.108007
0.0185249 -0.0535121 0.0121955 0.109095 -0.0212629 -0.0111434 -0.0381019 0.0358821
0.00933728 -0.0279486 -0.150393 -0.0394892 0.0194552 0.100997 -0.0880124 0.0452078
0.182023 -0.0507393 0.0467559 -0.0365493 -0.0509203 -0.025639 -0.071555 0.0124268
0.128679 0.00270986 0.129343 0.0714845 -0.0132643 0.0596568 -0.0378861 -0.069731
-0.123952 0.0460874 0.0105546 -0.0775414 0.0467201 0.058846 0.0512811 0.0281762
-0.0379765 -0.00397911 -0.00409982 -0.0955945 -0.0829088 -0.0342324 -0.000356085 0.0283889
-0.0925962 -0.0262714 0.05068 0.0704055 0.114022 -0.11615 0.017909 0.00809053
-0.0210922 0.00803605 0.0149622 -0.121844 -0.0264946 -0.071088 0.0975277 -0.0665698
-0.154924 -0.0545661 -0.118315 0.0220594 0.123486 -0.00511611 -0.109169 0.0707616
-0.0199146 -0.0810379 0.0187597 -0.000928985 0.0925149 -0.018171 0.0614519 0.0387973
0.031154 -0.108866 0.0847167 0.14935 -0.169675 -0.161118 -0.0186584 -0.166926
0.0859959 -0.0697461 -0.104755 -0.0952545 -0.0387926 -0.0772066 -0.130397 -0.156332
-0.0470098 0.0747307 0.0215453 0.0831198 0.0106608 0.0129011 -0.00343258 0.0306182
0.0440316 -0.0342503 -0.180541 -0.0809644 0.0573761 0.0388684 -0.0620231 -0.186785
-0.0952938 -0.0154126 0.157933 -0.0253314 -0.0249763 -0.104349 -0.0233687 -0.00869536
-0.0148797 -0.10261 -0.0690589 0.0953819 0.0457729 0.0742273 0.0230821 -0.0919669
-0.0605162 0.0253168 0.0378941 -0.0315908 0.117663 0.0231682 0.00232594 0.00732623
-0.0763025 0.0461873 0.0180313 -0.0564952 0.0302874 -0.0112216 -0.0237465 -0.00985568
-0.0572812 -0.088617 0.0386375 0.103954 0.00662894 -0.150441 -0.0415114 0.100144
-0.0297257 -0.0126421 0.0153137 0.0243318 -0.0510432 0.0543343 -0.0313718 0.0778897
0.05584 -0.0527416 0.0695472 0.0167696 -0.00101111 -0.0157698 0.0644298 0.0498956
-0.0275868 -0.11485 -0.0517949 0.0637762 0.223458 -0.0559619 0.112142 0.209647
0.12243 0.0829216 0.111047 0.0304525 -0.0502943 -0.0119259 0.0244123 -0.0494446
0.0127398 0.0466324 0.0281405 -0.0492259 -0.098664 -0.0295104 0.0979852 -0.000874223
-0.032514 -0.00387061 0.0611291 -0.0253034 0.00183273 -0.12312 0.00472759 0.0478906
0.0428673 0.0122743 0.106433 0.0572481 -0.0848178 0.0563827 0.0511888 0.0835272
-0.141004 0.00230764 0.0207656 -0.114185 0.089693 -0.121965 -0.140299 0.202609
0.0682568 0.0288827 -0.0155598 -0.105168 0.0373764 0.0217858 0.0668046 -0.0586267
-0.110418 0.0015571 0.0176367 0.0758005 0.0369129 0.0342952 0.0519405 -0.0507948
0.0365011 0.0778692 -0.0754919 -0.00141624 -0.00832042 -0.0147426 0.00370462 -0.0148933
-0.0459386 0.0518815 0.0135355 -0.0118656 0.0579058 0.0484758 -0.0590981 0.198141
0.0526598 -0.1365 -0.0376223 -0.0231307 -0.103214 0.128695 0.0382638 0.0843056
-0.0368958 -0.043542 -0.0549392 -0.0434565 0.178471 0.0908001 -0.0623457 0.15951
0.0195819 0.0106212 -0.115024 -0.0833653 -0.00739382 0.0763904 -0.133594 -0.0311029
0.028137 -0.0027851 0.0846795 0.0761838 0.131121 0.117299 0.0390223 0.13832
-0.0298818 -0.0406197 -0.0162369 -0.0123703 0.0117462 -0.0698133 0.0250774 0.0635666
0.0518944 -0.117118 0.0578713 0.040104 -0.135731 -0.0669325 -0.0946853 -0.0266156
-0.091843 0.199426 0.0284768 0.0251346 0.0210207 -0.0507909 -0.200937 0.165081
-0.0336472 -0.0708488 -0.0209129 -0.0746444 0.00966291 0.0142386 0.0567817 0.0212104
0.059929 -0.0423402 0.0611887 0.0548423 0.0800892 -0.19426 0.0456534 -0.181995
0.0831516 0.0244584 0.164237 -0.0607058 -0.178327 -0.0454477 -0.0974717 -0.145559
0.0592021 -0.0384157 0.0725396 0.245265 -0.0272311 -0.0579007 -0.0096169 0.101757
-0.160462 0.142114 -0.0955443 -0.172481 -0.0581695 -0.112112 -0.00734689 -0.122989
0.0322765 0.172058 0.111861 0.132209 -0.0207137 0.0683422 0.141954 -0.137476
0.0088155 0.252294 -0.00337834 0.0226473 -0.0632945 -0.0281017 -0.0822892 -0.00988822
0.0451821 -0.124834 0.029188 0.0518571 -0.0635783 0.135392 0.0687175 -0.0256829
0.16847 0.0133854 -0.0542537 -0.080187 0.0197507 -0.0174492 -0.103896 0.137019
0.0376265 0.138393 -0.0142516 0.0664538 -0.100745 0.00228646 0.0324594 0.265112
-0.0308295 0.0773737 0.0156481 -0.115221 0.0541497 -0.0829022 -0.0433045 -0.110739
-0.146256 0.0897659 -0.0233189 0.0392591 0.123239 -0.0266897 -0.00471873 0.0281413
0.0085541 0.0283136 0.109485 -0.113107 -0.0595245 6.75335e-05 0.0981908 0.0460434
0.0601138 -0.181289 0.0394454 0.0301699 -0.0771818 0.0164104 0.121958 0.0838322
0.0217499 0.0129506 0.156789 -0.0854494 0.00493591 0.125152 0.112576 -0.011158
-0.0600374 -0.0122882 0.00307752 -0.0368648 0.0133173 -0.0836025 -0.108456 -0.0111945
0.0689865 0.0289551 0.0961244 0.110858 -0.0928947 0.0331532 -0.0703469 -0.0202517
0.0687581 0.0539741 0.0270548 0.129548 0.0231646 0.0303045 -0.0162274 0.159943
0.0585674 0.104678 -0.0733983 -0.049997 -0.056873 0.0535617 -0.156355 -0.0301231
0.190344 -0.0323228 -0.0391676 -0.0125945 -0.0343263 0.0493917 0.0428978 -0.147544
-0.0449489 -0.0255856 0.0327399 0.0266385 0.0471756 -0.0808477 0.167162 -0.106313
-0.043332 0.0433427 -0.0600749 -0.0161621 -0.0618489 -0.0168479 -0.0492653 0.121813
0.035774 0.0108939 -0.155272 -0.0405204 -0.0223458 -0.020438 -0.0460623 -0.0502414
-0.103314 -0.1017 0.0600683 0.0467789 -0.041354 0.0482378 -0.0645974 -0.0455175
0.00587882 0.0269862 0.0929247 0.0961674 -0.137065 -0.060371 -0.0185943 -0.0347283
0.157019 -0.008777 -0.22761 0.00407189 0.032928 0.112686 -0.0602517 0.14297
0.0113517 -0.0133407 -0.0118369 -0.0275188 -0.0671567 -0.135879 0.0465978 -0.00865309
0.0467126 0.0327844 -0.0898302 -0.100578 -0.0370309 0.0746196 0.0772049 -0.0174487
0.128479 -0.00206488 0.0163623 0.151856 0.0155139 0.0451939 0.0833867 0.0159854
-0.0343434 0.0308107 0.154645 -0.0653216 -0.094085 -0.00447981 0.0128586 -0.0828592
-0.00359113 -0.254422 0.0915254 -0.00981834 0.185168 0.0101343 0.109151 0.157823
-0.110314 0.0432752 -0.0629982 -0.0521395 0.0817096 0.0733098 -0.0763533 -0.0450913
0.00647919 0.070109 0.0534708 -0.0582947 -0.0669675 0.0280326 -0.0205008 0.00513983
0.000281107 -0.0144635 0.10593 -0.0226887 -0.126026 -0.0261514 0.0612389 0.0617373
-0.00337118 -0.0658899 0.0333519 0.170336 -0.10415 -0.00617901 -0.0250138 0.0930884
-0.0527603 -0.0952754 0.0455548 -0.0587592 0.049557 0.0891678 0.0502734 -0.218296
-0.0686516 -0.0287898 0.0583737 0.109024 0.0383801 -0.0168246 -0.0415754 -0.00493455
-0.397994 -0.0588327 0.120415 -0.0765306 -0.0481505 -0.201283 0.027527 -0.074494
-0.0512971 0.202905 -0.111699 -0.102891 0.0518253 -0.0112017 0.0588971 -0.110415
-0.0410548 0.0434543 0.150734 0.0072262 -0.103394 -0.117691 -0.108493 -0.0522187
-0.0312233 0.0355607 -0.0142352 -0.0558508 -0.0105955 -0.0466959 -0.109863 0.00457802
0.0206986 0.247715 0.0162718 0.044838 -0.0499672 0.012658 -0.0431961 -0.0578275
0.140684 -0.0828141 0.115335 -0.0811454 0.0185321 -0.0462713 0.0912607 -0.0586457
0.0559084 -0.0753547 -0.0889823 -0.0580365 -0.109297 0.0422527 0.0253816 -0.0398011
-0.0384065 0.0103042 -0.1675 -0.194083 0.030891 0.216067 -0.00611821 0.216081
0.000640384 0.144635 0.0140456 0.0161042 -0.0541261 0.0414098 -0.033954 -0.0230328
0.117693 0.0697942 0.13668 0.132171 -0.0939939 0.0563889 -0.0176005 -0.0576302
0.00480126 -0.002542 -0.0453614 0.057329 -0.0866659 0.00941117 -0.0228544 -0.137878
-0.125909 0.10774 -0.00697168 -0.0488293 0.0926981 -0.179939 0.0252683 0.0165649
0.113397 -0.0524503 0.0519595 -0.0444279 0.0854393 0.0616963 -0.0703212 0.165865
-0.208457 0.196897 0.00142531 -0.123454 0.0720723 -0.0468107 -0.13405 0.0442508
0.0305333 0.147127 0.229051 0.205248 -0.064648 -0.0928984 -0.0438068 -0.102768
0.0231803 0.114738 -0.0982366 -0.0951849 -0.064924 -0.0729675 0.00315935 -0.0210366
0.139276 -0.0237169 -0.0303677 -0.0428935 -0.0712092 0.0458492 0.0386285 0.0931951
-0.0793152 0.199588 0.0180106 0.12045 -0.101162 0.0074764 0.135717 0.0100174
0.0146289 -0.0814303 0.0867683 0.0470505 -0.0430744 0.0621572 -0.0511382 -0.102804
0.0283438 -0.0668183 0.240024 0.142293 0.0378754 -0.0608639 0.0240829 0.0859573
-0.0892747 -0.000575615 -0.122854 -0.146318 0.135865 0.148372 -0.0306814 0.180514
-0.243959 0.0445598 0.0179007 -0.061482 0.10817 -0.127751 0.042729 -0.220755
0.0755817 0.184744 0.041154 0.0707793 0.105984 0.0115541 0.123596 0.0136765
-0.0286663 0.0661401 0.00733772 -0.0608836 0.0542819 -0.03177 -0.0740015 -0.135047
-0.0676252 -0.110134 -0.00823192 0.01647 -0.0173067 0.00823311 0.0829205 0.0397173
0.128112 -0.0120514 -0.0136942 0.0379697 -0.0148501 0.00620773 -0.116583 0.0471652
-0.0856026 0.00551247 0.225119 -0.161032 0.0311449 -0.175206 -0.169082 -0.0957639
0.153887 0.0540987 -0.0986038 -0.00284538 0.0611673 -0.0435592 -0.0932607 -0.0181543
-0.0687153 -0.0103508 0.00547917 -0.0297596 -0.0591323 -0.00182085 0.0204895 0.00654116
-0.051993 0.0146865 0.116518 -0.0696273 0.0172785 -0.0069012 0.00473877 0.0589147
-0.0197702 0.0761881 -0.167865 0.0251639 0.0889426 -0.105279 0.165814 -0.00751598
0.0261634 -0.129974 -0.0373237 0.00117864 -0.0339439 0.0317186 -0.0330339 0.112459
0.104106 -0.100239 0.122114 -0.106364 -0.0118146 0.0718388 0.057007 0.104381
-0.0801086 -0.0143356 0.0114802 -0.165829 0.0443705 0.0488442 -0.0374876 -0.184862
-0.0941159 -0.142905 -0.0833258 -0.0621487 0.173431 0.0153829 0.0277622 0.296771
-0.0231076 -0.0141134 0.0231589 -0.0354228 0.0548199 0.12797 0.0498956 0.11987
0.0111851 0.0234354 0.00793673 0.0193711 0.0680595 -0.059259 -0.0410436 -0.053514
-0.0597744 0.14766 0.101214 -0.0407887 -0.118039 -0.0568325 -0.0351743 -0.0446562
-0.0482051 0.146776 0.0797384 0.127055 -0.0143736 -0.0919606 0.0984981 -0.135894
0.0579183 0.0104137 0.0476841 -0.0239938 -0.139288 0.0255084 -0.28118 -0.165233
-0.00645736 0.191993 0.0280516 -0.114477 -0.0432649 -0.177049 -0.0324556 -0.142045
0.11592 0.203673 -0.069183 0.0826956 -0.216122 0.0326462 0.0967022 -0.158447
-0.0188062 -0.0384397 -0.000126224 0.144352 0.140946 0.0327203 0.0194987 -0.0590874
-0.00961643 0.132998 0.0480628 0.00570411 -0.0429504 -0.0655853 -0.0931686 -0.224127
0.0426226 0.0543174 -0.0437142 -0.0158745 0.0623157 0.167694 -0.0279466 0.101208
0.0432903 0.0262899 0.0543666 0.0437964 -0.0313882 -0.105218 0.0101611 -0.0388924
0.041941 0.0152381 -0.00137921 -0.0471479 -0.0380733 -0.0224375 0.213562 -0.119891
-0.0275553 -0.029266 0.016327 -0.0471745 -0.0164864 0.0643017 0.016826 0.0492765
-0.0140466 -0.120785 0.0438906 0.114213 -0.0382243 -0.0328748 -0.0943074 0.0666604
0.176116 0.14553 -0.0710741 -0.0120581 -0.117013 0.0518776 -0.0353848 -0.134536
-0.182999 -0.101252 -0.100738 -0.00992959 0.0681309 0.0634202 -0.0349306 0.0553561
0.11233 0.156668 -0.151134 -0.257696 -0.146478 -0.101127 -0.0459606 0.174481
0.0233167 0.0377534 0.00329623 0.0129137 0.0480421 -0.0201196 0.0117599 -0.0247466
-0.00236678 -0.0623514 0.00867456 -0.145833 -0.0669531 -0.00805923 0.0715558 -0.0792958
0.00836594 -0.0683987 -0.016682 0.132267 0.0618584 0.060925 -0.0416096 0.0278214
-0.079669 0.181044 0.00837126 0.0683351 0.123827 -0.173663 -0.0343355 -0.0229757
-0.0202846 0.158878 -0.0732198 0.000532948 -0.0825818 0.122462 -0.0390449 -0.0163618
-0.11759 0.0333529 -0.0614803 -0.180391 0.06075 -0.00221183 0.10532 0.0806246
0.0136061 -0.0116038 0.0963978 -0.109104 0.0413178 0.0237184 0.0475184 -0.0333242
0.142042 -0.012564 -0.060305 0.0636469 -0.0395233 0.178144 0.0116871 0.0735111
0.0552222 0.00181548 -0.055538 -0.020767 0.0462483 -0.06738 -0.110286 -0.0324022
-0.0528068 0.0753215 -0.0430431 0.0545348 0.0378799 -0.0537148 -0.0499192 -0.11506
0.0334709 0.0426488 0.0253425 -0.0325814 0.045425 0.00511896 -0.0214905 -0.0559696
0.0107637 0.0956874 -0.0890261 0.0708929 -0.00489917 0.00986318 -0.0185531 -0.111328
-0.0842932 0.0148197 -0.0583215 -0.0582898 -0.00874653 -0.0452845 0.000962662 0.0566747
0.0236732 0.099242 -0.0787897 0.124483 0.0308538 0.0103535 -0.107218 0.0211716
-0.00931103 -0.032204 0.0671868 -0.157023 0.0383378 -0.0639861 0.125309 -0.0378128
0.0140025 0.0235743 0.0185111 0.0228628 0.000717015 0.0457654 -0.00857616 -0.0117978
-0.0375787 0.128704 -0.0373748 -0.0385814 0.0554614 -0.119556 0.0166286 -0.0819355
0.0317448 0.0518585 -0.0331675 -0.0151348 0.0669108 -0.0346169 -0.000262319 -0.0488042
-0.0262697 0.170582 0.021161 -0.0898087 -0.0922446 -0.0295597 -0.170143 -0.0822069
0.0115991 -0.0187856 -0.0964481 0.20547 -0.0327457 -0.0540419 -0.0743756 0.0490524
0.00382865 -0.195435 0.157422 0.22472 -0.0488823 0.0778216 0.14632 -0.114249
0.108736 -0.0235489 -0.0389347 0.320717 0.229849 0.105108 0.097674 -0.0159634
0.142301 -0.0470737 -0.0945485 -0.0458305 0.000823613 -0.0946839 -0.139052 0.0642499
0.148155 0.0621383 -0.343596 0.119929 0.12672 0.143237 0.0318811 0.249757
0.0513997 -0.0450063 -0.0844939 -0.0235384 0.191775 -0.0209555 -0.0694773 0.0816871
0.179035 -0.0145509 -0.0609703 0.00133245 0.0164142 -0.0271555 0.0437444 -0.0681948
-0.0878938 0.0334893 -0.0751826 0.00713134 -0.116117 -0.0424968 0.184766 -0.101567
-0.103942 -0.0798475 -0.0851388 -0.2793 0.00256566 0.023525 -0.0886645 0.155605
-0.212538 0.187453 0.210782 -0.140786 0.0983705 -0.00553407 -0.0252087 -0.0934733
0.195563 -0.132609 0.0380832 -0.0722341 -0.226037 0.168452 0.0504517 -0.0519335
0.0340897 -0.0050598 0.0562638 0.00100407 0.0192145 -0.0294997 -0.0239524 0.0365346
-0.00877714 -0.0339449 -0.0637435 0.0660624 0.0697088 0.0855682 -0.0438296 0.0423105
0.300483 -0.286298 -0.0206772 0.143487 -0.0336437 0.0790697 0.212177 -0.0492763
0.11272 -0.0792114 0.0142572 -0.044544 0.0565547 -0.0632781 -0.0460237 0.0591157
-0.0124766 0.24238 0.010796 -0.114108 -0.0412943 0.0408604 -0.154935 -0.0764925
-0.0640904 -0.0588214 -0.129563 -0.0573071 -0.0784134 0.0370742 -0.0566439 0.129393
0.0551307 0.0649405 0.00184292 -0.0333382 -0.0702556 -0.0280612 0.0825994 -0.0724571
0.038339 -0.0679109 0.0639188 -0.00524964 0.103804 -0.0518247 0.221309 0.0745948
-0.0952953 0.0734856 -0.0794482 -0.0269864 0.0529143 -0.067758 -0.018588 -0.0640386
0.0181819 -0.0586801 0.0507419 0.047602 -0.0568352 0.0910801 -0.0403505 0.00996693
-0.0830912 -0.0117521 -0.0131143 -0.0300489 -0.137905 0.0143158 -0.157562 -0.0321365
0.142034 0.0113904 0.0475549 0.168244 0.0668109 -0.0750615 -0.0739991 0.0452775
-0.0695335 0.074994 0.166255 0.0919492 0.132042 0.107463 -0.128043 0.0203817
-0.0740226 0.0619178 -0.236276 -0.283949 -0.112141 0.0749833 -0.112061 0.136138
0.158091 -0.0318406 0.0931849 0.103969 0.198995 -0.0938539 0.162873 -0.329219
0.245595 0.0350162 0.0540867 0.147578 -0.0923003 -0.131553 0.0217142 -0.0125678
0.0321401 0.0108364 -0.0270038 -0.0192525 0.10344 -0.0502885 -0.0908158 -0.079378
-0.00966406 0.0470631 -0.154554 0.036033 -0.0891953 -0.164985 0.23518 0.0656604
-0.0861398 0.0656528 0.00164233 0.0223515 0.00503831 -0.011428 0.074469 -0.00272068
0.282421 -0.081459 -0.0266749 0.051833 0.0447239 0.140787 -0.249946 0.0335828
-0.022664 -0.0509022 0.0417592 -0.0172231 -0.0985822 0.0311807 -0.0198959 0.043902
0.259753 -0.0196576 -0.125025 -0.10354 0.0670851 -0.00772939 -0.00309846 0.0685952
-0.0470653 -0.00438451 0.215387 -0.0504891 -0.0703753 0.0918129 0.0855058 0.121293
0.0865247 0.0591742 0.141445 -0.082619 -0.0958612 -0.261364 0.0129299 -0.437647
-0.0560968 0.107931 -0.0724508 0.216615 0.029789 0.1909 -0.190891 -0.187223
0.056452 -0.0469285 0.0472123 -0.0366746 0.000272008 0.0491589 0.0292352 0.0754207
0.110451 0.111773 -0.06055 -0.0673387 0.0194544 -0.0350386 0.0989361 0.148748
-0.114591 -0.00197308 0.0561513 -0.0383981 -0.0153523 0.0636578 -0.138487 0.0815761
0.0771515 -0.0586393 -0.0102317 -0.118387 -0.0139762 -0.118069 0.117759 0.0640564
-0.00720166 0.0962723 0.0844957 0.0247715 0.101194 -0.0602903 0.128799 -0.0428753
-0.0988393 0.0396184 -0.00133428 0.111201 0.0696004 -0.00821845 0.0219354 -0.1101
-0.069748 -0.0650418 0.0760096 0.183454 -0.0481562 -0.0746673 -0.0571787 0.171624
0.138483 -0.0720557 -0.140961 -0.131003 -0.234271 -0.069135 -0.0658278 -0.114331
-0.0462532 -0.26338 0.0738252 -0.12 -0.0949905 0.0271848 0.027641 -0.132989
-0.100989 0.129513 -0.362233 -0.157784 0.088129 0.0154996 -0.0125666 0.025827
-0.0527329 0.0121846 -0.125156 0.034621 0.0978297 0.0748544 -0.0463034 0.0304166
0.203114 -0.0504321 -0.015423 -0.0554159 0.00247807 -0.0722615 0.0225849 0.0776362
-0.0845644 -0.083986 0.149713 0.0420028 0.0405586 -0.030574 0.00862899 -0.0732614
0.0155074 -0.0692705 0.087615 -0.105053 -0.0200048 -0.0823952 -0.175767 -0.065966
0.0815424 -0.0321874 -0.0513411 -0.00729562 0.305562 -0.08851 0.126591 -0.103147
0.104032 -0.0655658 -0.0239774 0.149543 -0.150891 0.0282731 0.146045 0.0190038
-0.013687 0.0590967 0.0715981 -0.0653611 0.0807916 0.0237729 0.0268231 0.00279528
0.10661 0.114482 0.0255137 0.0661623 -0.254628 -0.0852958 -0.140965 -0.0890732
-0.00989277 0.123607 -0.0356344 -0.00865997 -0.111152 -0.0516869 0.00997751 -0.0592963
-0.01164 -0.102509 -0.076059 -0.0249429 -0.0286796 0.00326175 0.0620673 -0.0227062
-0.155518 -0.0809935 -0.0413679 -0.077939 0.0961563 0.216546 -0.113613 0.0512606
-0.121762 0.173136 0.144453 -0.21302 -0.197691 -0.0428468 0.0278922 -0.00748665
-0.100106 0.067597 0.0939507 -0.0406342 -0.0452024 0.0517583 0.0288963 -0.129776
0.114935 -0.0618161 -0.0263548 -0.0905881 0.0616311 -0.0419143 0.164694 -0.172637
0.0810443 -0.0655638 -0.000467702 -0.0888758 -0.214828 -0.119885 -0.196224 -0.180231
0.0743669 -0.054063 -0.161944 -0.0993806 -0.0375511 -0.112422 0.0945668 -0.168341
0.09041 0.000662536 0.0138989 0.0168801 0.0268286 0.0215106 -0.124739 0.0939643
0.0751514 0.143261 -0.279978 -0.0328653 -0.0772808 -0.000986352 -0.108672 0.108731
-0.0125455 0.021287 0.0453023 0.1067 -0.000374998 0.0838131 -0.0861373 0.12701
-0.0906568 0.10796 -0.00547595 -0.0582577 0.0528417 0.0636625 0.031473 -0.0457149
0.168263 -0.0222996 -0.121755 0.0756821 0.122743 0.10303 0.0768303 0.150276
0.162697 -0.106201 -0.0345729 0.0202545 -0.00401761 -0.0475342 0.0890486 -0.063542
-0.237121 0.163732 0.206032 0.0744756 0.0450362 -0.0996656 0.0520636 -0.0822822
0.0258691 0.0230916 -0.128894 -0.0847471 0.0699727 0.0366906 0.0862762 -0.0120891
-0.114194 0.0546831 0.0493294 -0.101874 -0.0942315 -0.153225 0.102894 -0.144398
0.0358467 -0.0288126 0.0197306 -0.0527009 0.0190013 0.061517 -0.0178617 0.0847765
0.168759 -0.00608353 -0.0739543 0.0256989 -0.000698885 0.145968 -0.196589 0.210815
-0.000618258 0.0371932 0.0384465 0.0539579 0.0102902 0.00428449 0.0392601 -0.126383
0.0401365 0.24012 -0.0897865 -0.114287 0.000100195 -0.193548 -0.0839808 0.000411461
0.0724172 -0.0575052 0.00781468 -0.0815266 0.0591616 0.132718 -0.0355272 0.052955
-0.125851 -0.0787787 0.0334034 -0.090303 -0.0205542 -0.128643 -0.0316406 0.155102
-0.0542967 -0.299236 0.0649112 0.173691 0.0196646 -0.0622948 -0.132107 -0.197879
0.0644534 0.0529702 -0.0745186 0.00793726 0.0813807 -0.0350744 -0.0253589 -0.0547235
0.0191416 0.0362097 -0.0546324 -0.0438898 -0.115426 0.0437372 0.0354721 -0.0961098
0.00998681 -0.0105641 -0.0189772 -0.00744403 0.089217 -0.0951287 -0.018988 -0.102789
-0.0573486 -0.0218888 -0.040789 -0.0900381 0.0369859 -0.0219052 0.0549002 -0.0556999
0.0732897 0.112153 0.0819624 0.0848549 -0.105305 -0.0572776 0.182469 -0.0752061
0.070509 0.0261798 -0.147857 -0.0638619 0.0189286 0.00426632 -0.0933832 -0.104248
0.0798494 0.00102194 -0.0656634 -0.113057 0.031186 -0.0378517 -0.00759219 -0.0568659
-0.0889965 0.145365 -0.0154801 0.00629365 0.00147186 -0.114184 -0.0482909 -0.112753
-0.0378675 0.0486204 -0.112783 0.0321246 0.12826 -0.0721309 0.230039 0.0479216
-0.102247 -0.05543 0.039246 0.0209315 -0.0378642 -0.112647 0.0753142 -0.0533277
-0.0597333 0.0808633 0.0392987 -0.032918 0.0554091 0.120266 -0.0904083 0.0499155
0.129995 -0.0227368 -0.0813775 -0.0385098 0.0380367 -0.0269757 -0.000446596 -0.0539452
-0.00687403 -0.0386345 -0.148625 -0.0177388 -0.0661753 -0.0516286 -0.0239296 -0.070981
0.0231086 -0.0302304 -0.0110912 -0.0148496 0.0732324 -0.0826685 0.0130565 -0.0403936
-0.00730182 0.0246719 -0.0468802 0.0158855 -0.118001 0.142823 -0.0393409 -0.0568317
-0.0463382 -0.0248098 0.141444 -0.00440721 0.0532168 -0.0788576 0.0428626 0.101388
0.046859 0.0659319 -0.109414 0.0553379 0.0296127 -0.039793 -0.0311464 -0.0173712
0.0113739 -0.0591354 0.020521 0.179152 -0.113356 -0.0344657 -0.0442452 -0.0244265
-0.0233152 0.030734 -0.0221141 -0.0690621 -0.0162958 -0.075791 0.0135862 -0.0476568
0.101436 -0.00601039 -0.133245 -0.0206258 -0.155244 -0.15834 -0.0736373 0.0565496
-0.0910401 -0.101489 0.26608 0.0247018 0.0601529 0.0213113 0.0532097 -0.153054
0.0292368 0.0243594 0.122096 0.0603295 -0.0775741 0.0730462 0.0757674 -0.0174027
0.0727479 0.142726 -0.0935964 0.0187327 -0.128144 0.0432132 0.20791 0.141014
0.177083 0.0168608 -0.21982 0.0416058 0.0698037 0.136165 0.0379075 -0.136709
-0.0543557 -0.0343842 -0.0560352 -0.0240795 -0.0852927 -0.0052665 0.0618563 0.0816208
0.0946997 0.0337674 -0.0463524 0.00826056 0.0460611 -0.0845285 0.0515362 -0.0149496
-0.00675652 0.0251018 -0.116841 -0.0451587 -0.0543685 0.166176 0.0444454 -0.064222
0.0733502 0.00991641 0.0769718 0.0462941 0.0585038 -0.00427777 -0.0337467 0.0758868
0.158388 0.0120198 0.127661 0.0178725 -0.128098 0.151514 0.133089 -0.03813
-0.136304 0.129174 -0.0341011 -0.0475751 -0.127152 -0.036889 -0.0787456 0.0652783
-0.0129065 -0.206255 0.0880616 0.0921076 0.108793 0.0192554 -0.0910208 -0.149731
0.0280341 -0.101771 -0.0455444 -0.0199189 -0.00947026 0.0156288 0.0408157 -0.0786526
-0.0158242 -0.0108713 0.00126072 0.126472 0.145465 -0.00347517 -0.074363 -0.0621864
-0.0887466 -0.0202984 -0.0074553 0.0117929 0.00784561 -0.0662345 -0.054943 -0.0728967
0.0408017 0.109171 0.0410885 0.0507039 -0.0041419 -0.000902832 0.0302952 0.0649876
0.014214 -0.0755056 -0.0616785 -0.0225891 -0.04289 0.0435346 -0.00301085 -0.0271661
-0.222476 -0.0286362 -0.0149351 0.00986569 0.0454427 0.0155975 -0.128484 -0.0704393
0.004041 -0.0601406 0.130653 -0.15119 0.00899561 0.0930192 -0.0522323 -0.0461316
0.0216273 0.0685501 0.0315889 -0.0107727 0.0186077 0.0217207 0.0490594 -0.0398016
-0.0664522 -0.0109872 0.0143827 0.0787761 0.00191556 -0.0675106 -0.045894 -0.0158618
0.0275543 -0.0135222 -0.0223271 -0.0155805 -0.0608033 0.0423985 -0.0123934 -0.0353251
-0.0719556 0.0025506 0.0316879 0.137789 -0.0353435 0.0397859 -0.105395 0.0790116
-0.0450196 -0.10909 0.0926826 0.0538627 0.0245615 -0.0480795 -0.0260663 -0.00462556
-0.0277995 0.0645086 -0.0771207 0.00820022 -0.0209378 0.0300626 0.0967413 -0.0444278
0.0593185 -0.0419288 -0.00732885 0.0104636 -0.0336903 0.0183111 0.0464348 -0.0356867
0.107952 -0.168426 0.0292999 0.0890125 -0.144399 0.14527 -0.0169622 0.0784659
-0.135514 0.229945 -0.0849571 0.000838081 0.0758116 0.0373856 0.065308 0.226041
-0.0415743 0.0365747 -0.0445053 -0.0356652 -0.00820434 -0.0677629 -0.0407021 -0.000772372
-0.0122793 -0.0477939 0.0161623 0.0587214 0.0214371 0.0290041 -0.00690595 -0.0437721
0.0507296 0.153891 -0.140574 0.0702842 0.00390724 -0.0324891 0.0234622 0.139316
-0.0809458 -0.139036 0.0548939 -0.110616 -0.0225128 0.05595 -0.0710993 0.117509
-0.100672 -0.13722 0.127572 0.143854 -0.164122 -0.0611274 -0.103088 -0.0448217
-0.167568 0.00953721 0.0899673 0.212165 0.0287414 0.0314477 0.100378 0.00480697
0.118277 -0.0646333 -0.103482 0.151522 0.111854 -0.135795 0.0053549 0.0128255
0.153377 0.123663 0.0694718 0.0527054 -0.128439 -0.0634333 -0.000925784 0.0998645
0.127341 0.0160171 -0.0725342 -0.074232 0.0845871 -0.00314331 0.248266 0.210563
-0.020869 0.0401864 -0.0115053 0.0237791 0.0493352 -0.0388212 0.0107619 0.121264
0.129067 0.13433 -0.0235621 -0.123513 -0.0781679 -0.0707605 -0.129935 -0.0454407
0.128324 0.00405469 0.0152258 -0.134814 -0.0745031 -0.0904638 0.151304 -0.0322699
0.125509 -0.0356375 0.0944566 -0.0881978 0.164583 0.0423958 0.121507 -0.141471
0.0308126 -0.118846 0.0120969 0.103184 -0.160379 0.216189 0.123411 0.0972745
-0.130384 0.0752417 -0.0801465 0.00719786 -0.0116103 -0.0489672 -0.108877 0.0913996
-0.0967233 -0.0236219 -0.121892 0.0445916 0.00580529 -0.148994 0.106555 -0.124609
0.06596 -0.0384195 0.0504657 -0.100044 -0.148129 0.0144542 -0.13729 -0.0559941
0.117281 0.135785 0.0533575 -0.0709962 0.0654754 -0.214072 0.0596108 0.0353959
0.0102182 -0.155863 -0.106066 0.0363465 0.133492 0.023471 -0.162736 0.0250145
0.0509659 -0.0715769 0.178804 -0.164534 -0.079915 -0.00361467 -0.0405867 -0.0113113
-0.000174554 -0.0587795 0.156175 -0.00860369 0.0658567 0.111766 0.0242894 -0.0987045
0.00419944 -0.088333 0.095361 0.116939 0.152294 -0.0309315 0.0657205 -0.0784971
0.00379897 -0.02085 -0.0653058 0.105741 0.0177574 0.0907742 0.119108 0.0430977
-0.0831256 0.0494959 -0.0313332 0.021411 0.0946089 0.0351672 0.126852 -0.154133
-0.170371 0.0681922 0.0123879 -0.163668 -0.0458397 0.107524 0.0282317 0.101613
-0.180537 0.0112049 -0.00284352 0.0943293 0.0225645 -0.0634591 0.0166792 -0.243292
-0.15346 -0.107561 -0.0462551 0.0740978 -0.00724654 0.00660781 -0.112155 -0.000618768
0.0702664 0.0115449 0.0613146 -0.0318145 -0.27027 -0.0706105 -0.166924 0.0185855
-0.0958744 -0.0363088 -0.103723 0.110792 0.117449 -0.032066 -0.0428364 -0.237326
0.0669996 0.103197 0.0102662 0.00684027 0.110025 0.0776091 0.120388 0.0836603
0.0295104 0.123766 0.0385412 0.126949 -0.0034705 -0.147033 -0.168611 -0.0437596
0.186448 0.27305 -0.0369942 0.236964 0.237868 0.0732488 -0.0943213 -0.0661515
0.0872059 0.105112 -0.0778932 -0.0399169 0.0801136 0.0411911 0.0500571 -0.0427451
-0.135605 0.00565915 -0.0219721 -0.0271926 -0.0950436 0.256059 0.0946995 -0.132267
0.0681979 0.0567025 -0.00256604 0.00940515 0.0249318 0.104582 0.0257863 0.0110089
0.029499 0.0199349 0.0860663 -0.0593235 -0.0157246 0.0999365 -0.192701 0.113716
-0.0976101 -0.101302 0.0365986 0.0409144 0.0964593 0.0871371 0.0303447 0.0604955
-0.12144 0.00507857 0.0320278 0.0836618 -0.058653 0.0804929 0.192759 -0.0671974
-0.0887515 -0.0142379 0.122914 0.168828 0.0939163 0.0743144 0.00756629 0.0301641
-0.0435693 -0.0429684 0.0396245 -0.0272609 0.0017249 0.0224436 0.0905673 -0.0576435
0.0228838 -0.00962655 0.0224837 -0.0201492 -0.149247 0.099898 -0.0154028 -0.0942884
0.0522795 -0.0328789 -0.0760108 -0.0863413 0.0519645 -0.0696288 -0.029041 -0.0139643
-0.099577 0.00768173 0.0258434 -0.0263621 0.0448834 0.0441311 0.167263 0.121093
-0.0158942 -0.0736257 -0.0665899 -0.00170578 0.0410271 -0.0563253 0.0581154 -0.128612
-0.16884 0.0992565 -0.096405 0.094804 0.0148253 -0.0760149 -0.0226566 0.0788555
-0.016469 0.0389274 0.059969 -0.0268496 -0.0397776 0.0211063 -0.03235 0.0520616
-0.0940422 -0.0552467 -0.00162707 0.111088 -0.0950332 -0.0322147 -0.00038982 -0.0312355
0.0186316 0.120202 0.0244955 0.0564705 0.0242729 -0.0466856 0.0572411 0.0765035
0.0801577 -0.0900952 -0.0945272 -0.0654981 0.0270046 -0.00966874 0.012446 0.0286739
-0.0379696 -0.0653465 0.0739743 -0.0554969 0.0440854 0.0615503 -0.015688 -0.0239223
0.101764 0.0041105 -0.00506279 0.0405363 0.0244065 0.0217974 -0.0393402 -0.0904039
0.013627 -0.0386822 0.0172588 -0.0135874 0.109194 0.081599 -0.0327435 -0.050382
0.198376 0.0166379 0.130633 -0.11134 -0.125633 0.0302738 0.0553572 -0.169499
0.0785857 0.00778635 0.102859 0.0728924 -0.207002 0.129097 -0.143493 -0.0153905
0.0246358 -0.00124748 -0.29483 -0.019383 -0.0180821 -0.0900334 -0.0303997 0.0804055
-0.0796465 -0.0721164 0.026855 0.0408965 -0.00799434 -0.0247019 -0.0839161 0.0046047
0.0531856 -0.116472 -0.0212215 0.12088 0.0528937 0.0553536 -0.0313457 -0.0211653
-0.0742771 -0.027324 0.0273629 0.0478791 0.034339 0.00985616 0.123858 0.00707743
0.0347038 0.0225707 -0.0351917 -0.0946674 -0.0983037 -0.0269174 -0.0407655 -0.0862889
0.0868998 0.0392282 -0.0369024 0.0330162 -0.0214595 0.114104 0.0965393 -0.112116
0.0639529 -0.0150109 -0.0444474 -0.0397617 0.00921369 -0.0335731 0.0077619 0.075026
-0.130702 0.0588354 0.0809314 0.0873563 0.0588717 -0.0366358 -0.05819 -0.000965541
0.0206838 0.00176493 -0.0987488 -0.0507973 -0.0392353 -0.0371786 -0.0709684 0.0476555
0.105385 0.0213129 0.0893599 0.0311712 0.000705882 -0.0316976 0.131766 -0.0909899
-0.0365121 0.0231216 -0.0364993 -0.0516482 0.0270479 -0.103282 -0.0512718 -0.00304964
0.146178 -0.0421401 0.0323632 -0.0540525 -0.0381905 0.0456364 -0.0267059 -0.0372312
0.0116247 0.114062 0.126391 -0.00365859 0.00114404 -0.144947 0.0339621 0.00615767
-0.0540071 -0.0829903 0.0360658 0.0490326 -0.0495319 0.0645583 -0.00510252 0.00155224
0.0138268 -0.00077062 0.0371247 -0.0438521 -0.00324745 0.0647274 -0.0523818 -0.0128509
-0.0342729 -0.0823981 0.0146635 -0.125192 -0.0315569 -0.0865097 -0.000329204 -0.101042
-0.0461707 0.0427669 -0.153204 0.0984319 0.013069 -0.0510747 0.00475832 0.0917543
0.133387 -0.0832388 -0.0270067 0.100739 -0.0260128 -0.0515266 -0.0164393 -0.0654432
-0.176699 -0.0967374 -0.078235 -0.0182616 -0.0359736 0.0882643 0.0709739 -0.0354644
-0.0643967 0.0692462 0.0356544 0.0261774 -0.0128585 -0.0375894 0.00885458 0.0843629
0.0468863 0.0233803 0.0343046 -0.0728609 0.0158615 0.0625817 -0.0420958 -0.0032342
0.0266091 0.0289132 -0.0608312 -0.0812547 0.0571791 -0.128757 0.103724 -0.146683
0.0753371 -0.0161168 0.0780402 -0.0342582 0.113506 0.0332908 -0.135748 0.0433696
0.0269735 -0.1609 0.0385063 -0.00375142 0.0480156 0.00682883 0.0259863 -0.0547947
0.0440405 -0.189363 0.0463699 0.00496992 -0.157052 -0.107452 -0.00833902 -0.0268192
-0.0361061 -0.0846097 -0.0482755 0.0180096 0.0404527 -0.0694717 0.0236134 0.11172
-0.00869512 0.0564052 0.042656 -0.169137 -0.0152838 -0.0433981 0.0805438 -0.0552519
-0.0804307 0.0519563 0.00869151 -0.106753 -0.119498 -0.0511738 -0.034137 0.0493324
-0.108061 0.128805 0.0188793 0.0032935 -0.0240775 0.0818664 -0.0958676 -0.0482647
-0.0879576 0.0579092 -0.0174902 0.157851 0.0868328 0.0131183 0.0448127 -0.118811
0.112456 0.0583865 -0.133278 0.180681 -0.0406203 0.0146568 -0.066113 0.0528073
0.0384081 -0.035945 -0.04913 0.0964569 -0.0912073 -0.0121729 0.0675287 0.108024
0.0169349 -0.0362578 -0.0194869 0.00947434 -0.0269968 -0.01457 -3.4361e-05 -0.0631982
0.0169349 -0.0362578 -0.0194869 0.00947434 -0.0269968 -0.01457 -3.4361e-05 -0.0631982
0.0169349 -0.0362578 -0.0194869 0.00947434 -0.0269968 -0.01457 -3.4361e-05 -0.0631982
-0.0618531 -0.0662128 -0.035174 -0.0323957 -0.0251204 -0.0746738 0.0728498 0.00278482
0.113581 0.0159312 -0.094127 0.0868411 0.032852 0.0680319 -0.0923079 -0.10887
-0.0806559 0.0746815 0.0340887 -0.126415 -0.0710068 0.0534795 -0.0160561 -0.0323558
0.0169349 -0.0362578 -0.0194869 0.00947434 -0.0269968 -0.01457 -3.4361e-05 -0.0631982
-0.0138517 0.0496879 0.016028 -0.0552381 0.00650632 0.0274962 -0.0239657 -0.111704
-0.00488432 -0.061494 -0.00871086 0.0149891 -0.0770822 -0.0676673 -0.0549625 -0.051956
0.0466996 -0.0823411 0.0409586 -0.065246 -0.0726533 -0.0605548 0.0993967 0.094264
0.0588014 0.0622669 0.037154 -0.106274 -0.0761425 0.0610652 0.016564 -0.112926
-0.0503776 0.0339948 0.102749 0.0982708 -0.0863345 -0.0110903 -0.00367671 0.0575971
-0.0444858 -0.0726243 -0.0551404 0.0250817 0.0192837 -0.0404789 -0.0751195 -0.0267099
-0.0384736 0.00140942 -0.180546 0.127694 0.0935593 0.082057 -0.0498868 -0.00345518
0.0445629 -0.182761 0.0380351 -0.0108999 0.106154 0.00506097 0.022871 0.0667963
0.0446123 0.0124836 0.00168416 -0.0549258 -0.0253575 0.0374676 -0.069859 -0.0399406
-0.000192318 -0.11607 -0.00478882 0.0058079 -0.139524 -0.173222 -0.0443028 -0.0986694
0.0872234 0.159951 0.0168142 0.0494186 0.0502807 0.0348508 -0.00434279 -0.0318506
0.024803 0.00834305 -0.115259 0.0589992 0.0800652 0.12492 0.0378417 0.123644
0.00266507 0.0028769 0.0242259 0.0686261 -0.0600572 -0.0448462 -0.0409263 0.0464247
-0.0805481 -0.0316309 -0.007076 -0.0557833 -0.0536642 -0.0448876 0.0590499 0.0110551
0.0969998 -0.0565298 -0.0685803 -0.0280876 0.00264749 0.0849487 0.000905621 -0.0375426
-0.0429978 -0.0693873 -0.00491631 0.0132272 0.0406293 0.103178 0.0899106 0.0133229
